gmvinput ascii
nodev        25
 -0.9681545E+00  0.1208679E+00  0.2192436E+00
  0.5052806E+00  0.5461852E+00  0.6681117E+00
  0.7749361E+00  0.3274228E+00 -0.5406185E+00
  0.8520766E+00 -0.3659805E-01  0.5221360E+00
  0.3166028E+00  0.2299644E+00 -0.9202603E+00
  0.8815961E-02  0.4739302E+00  0.8805183E+00
 -0.4208322E+00 -0.8680479E+00  0.2634256E+00
  0.6626981E+00 -0.7193979E+00 -0.2080814E+00
 -0.6622010E+00  0.2013897E+00  0.7217562E+00
 -0.7960302E-01 -0.8901305E+00 -0.4486992E+00
 -0.7122172E-01 -0.9894527E+00  0.1261385E+00
 -0.4470099E+00 -0.1004720E+00 -0.8888687E+00
 -0.4536403E+00  0.5222016E+00 -0.7221606E+00
  0.1393704E+00  0.1157719E+00  0.9834494E+00
  0.2069148E+00 -0.6646450E+00  0.7179369E+00
  0.3726278E+00  0.7252208E+00 -0.5789675E+00
  0.3710550E+00  0.8664702E+00  0.3339873E+00
 -0.5564887E+00 -0.8145315E+00 -0.1638863E+00
 -0.6418743E+00 -0.2859576E+00  0.7114954E+00
 -0.3049486E+00  0.8015698E+00 -0.5142880E+00
  0.4892709E-01  0.9962305E+00  0.7163026E-01
 -0.3617389E+00  0.8169333E+00  0.4491827E+00
 -0.1249255E+00 -0.5486008E+00 -0.8266987E+00
  0.9501806E+00 -0.2975411E+00  0.9287711E-01
 -0.7174335E-01 -0.1878724E+00 -0.9795697E+00
cells        46
tri       3
          3          5          8
tri       3
          8         10         11
tri       3
          1         12         13
tri       3
          2          4         14
tri       3
          2          6         14
tri       3
          6          9         14
tri       3
          8         11         15
tri       3
          4         14         15
tri       3
          7         11         15
tri       3
          3          5         16
tri       3
          5         13         16
tri       3
          4          3         17
tri       3
          4          2         17
tri       3
          3         16         17
tri       3
          2          6         17
tri       3
          7         11         18
tri       3
         10         11         18
tri       3
          1         12         18
tri       3
          1          9         19
tri       3
          7         15         19
tri       3
          9         14         19
tri       3
         14         15         19
tri       3
          1         18         19
tri       3
          7         18         19
tri       3
          1         13         20
tri       3
         13         16         20
tri       3
         16         17         21
tri       3
         16         20         21
tri       3
          6          9         22
tri       3
          6         17         22
tri       3
         17         21         22
tri       3
          1          9         22
tri       3
          1         20         22
tri       3
         20         21         22
tri       3
          8         10         23
tri       3
         10         18         23
tri       3
         12         18         23
tri       3
          3          4         24
tri       3
          3          8         24
tri       3
          4         15         24
tri       3
          8         15         24
tri       3
          5         13         25
tri       3
         12         13         25
tri       3
          5          8         25
tri       3
          8         23         25
tri       3
         12         23         25
polygons
endpoly
endgmv
